API_KEY = "transit api key in quotes"
LAT = 43.473398
LON = -80.541287
